AgBr 107Ag79Br 1Σ+ 249.57 0.63 0.064833 0.0002361 0.0175 2.39311 1,2,3
AgCl 107Ag35Cl 1Σ+ 343.49 1.17 0.12298388 0.00059541 0.06305 2.28079 1,2,3
AgD 107Ag2H 1Σ+ 1250.70 17.17 3.2572 0.0722 85.9 1.6180 1,2
AgF 107Ag19F 1Σ+ 513.45 2.59 0.2657020 0.0019206 0.284 1.98318 1,2,3
AgH 107Ag1H 1Σ+ 1759.9 34.06 6.449 0.201 344 1.618 1,2
AgI 107Ag127I 1Σ+ 206.50 0.46 0.04486821 0.0001414 0.00847 2.54463 1,2,3
AgO 107Ag16O 2Π1/2 490.2 3.1 0.3020 0.0025 0.45 2.003 1,2
AlBr 27Al79Br 1Σ+ 378.0 1.28 0.15919713 0.00086045 0.11285 2.29481 1,2
AlCl 27Al35Cl 1Σ+ 481.77 2.10 0.24393007 0.00161108 0.25017 2.13014 7
AlD 27Al2H 1Σ+ 1211.77 15.06 3.3183929 0.0698773 99.42 1.64637 17
AlF 27Al19F 1Σ+ 802.32 4.85 0.55248021 0.00498426 1.0464 1.65437 4,5
AlH 27Al1H 1Σ+ 1682.37 29.05 6.3937842 0.1870527 368.53 1.64736 17
AlI 27Al127I 1Σ+ 316.1 1.0 0.11769985 0.00055859 2.53710 1,2
AlO 27Al16O 2Σ+ 979.49 7.01 0.6413856 0.0057796 1.08 1.61782 4
AlS 27Al32S 2Σ+ 617.11 3.33 0.2800368 0.0017823 0.22 2.02828 4
Al2 27Al2 3Πu 285.8 0.9 0.17127 0.0008 2.701 1,2
AsD 75As2H 3Σ- 1484* 3.6688 90 1.5306 1,2
AsH 75As1H 3Σ- 2130* 7.3067 0.2117 327 1.52315 1,2
AsN 75As14N 1Σ+ 1068.54 5.41 0.54551 0.003366 0.53 1.6184 1,2
AsO 75As16O 2Π1/2 967.08 4.85 0.48482 0.003299 0.49 1.6236 1,2
As2 75As2 1Σg+ 429.55 1.12 0.10179 0.000333 2.1026 1,2
AuD 197Au2H 1Σ+ 1634.98 21.65 3.6415 0.07614 70.9 1.5238 1,2
AuH 197Au1H 1Σ+ 2305.01 43.12 7.2401 0.2136 279 1.5239 1,2
Au2 197Au2 1Σg+ 190.9 0.42 0.028013 0.0000723 0.00250 2.4719 1,2
BBr 11B79Br 1Σ+ 684.31 3.52 0.4894 0.0035 1.00 1.888 1,2
BCl 11B35Cl 1Σ+ 840.29 5.49 0.684282 0.006812 1.80 1.71528 1,29
BD 11B2H 1Σ+ 1703.3 28 6.54 0.17 400 1.2324 1,2
BF 11B19F 1Σ+ 1402.16 11.82 1.51674399 0.01904848 7.11 1.26267 4
BH 11B1H 1Σ+ 2366.73 49.34 12.025755 0.421565 1242 1.23217 4
BN 11B14N 3Π 1514.6 12.3 1.666 0.025 8.1 1.281 1,2
BO 11B16O 2Σ+ 1885.29 11.69 1.781110 0.016516 6.32 1.20475 4
BS 11B32S 2Σ+ 1179.91 6.25 0.79478 0.00578 1.4 1.60935 4
B2 11B2 3Σg- 1051.3 9.35 1.212 0.014 1.590 1,2
BaBr 138Ba79Br 2Σ+ 193.77 0.41 0.0415082 0.0001219 0.00762 2.84449 1,2
BaCl 138Ba35Cl 2Σ+ 279.92 0.82 0.08396717 0.00033429 0.03022 2.68276 1,2
BaD 138Ba2H 2Σ+ 829.77 7.32 1.7071 0.02363 28.77 2.2304 1,2
BaF 138Ba19F 2Σ+ 468.9 1.79 0.2159 0.0012 0.175 2.163 1,2,3
BaH 138Ba1H 2Σ+ 1168.31 14.50 3.38285 0.06599 112.67 2.23175 1,2
BaI 138Ba127I 2Σ+ 152.14 0.27 0.02680587 0.00006634 0.00333 3.08476 1,2
BaO 138Ba16O 1Σ+ 669.76 2.03 0.3126140 0.0013921 0.2724 1.93969 1,2,3
BaS 138Ba32S 1Σ+ 379.42 0.88 0.10331 0.0003188 0.0306 2.5074 1,2
BeD 9Be2H 2Σ+ 1530.32 20.71 5.6872 0.1225 313.8 1.3419 1,2
BeF 9Be19F 2Σ+ 1247.36 9.12 1.4889 0.0176 8.28 1.3610 1,2
BeH 9Be1H 2Σ+ 2061.24 37.33 10.31992 0.3084 1022 1.34241 4
BeO 9Be16O 1Σ+ 1487.32 11.83 1.6510 0.0190 8.20 1.3309 1,2
BeS 9Be32S 1Σ+ 997.94 6.14 0.79059 0.00664 2.00 1.7415 1
BiBr 209Bi79Br O+ 209.62 0.52 0.04321526 0.00013269 0.007347 2.60950 5
BiCl 209Bi35Cl O+ 308.18 1.09 0.9212553 0.0004020 0.0329 2.47152 5
BiD 209Bi2H 3Σ- 1173.32 16.1 2.592 0.054 50.6 1.804 1,2
BiF 209Bi19F O+ 513.0 2.35 0.22998897 0.00150262 0.185 2.05154 5
BiH 209Bi1H 3Σ- 1635.73 31.6 5.137 0.148 183 1.805 1,2
BiI 209Bi127I O+ 164.12 0.32 0.02722281 0.00006979 0.00300 2.80050 5
Bi2 209Bi2 1Σg+ 172.71 0.34 0.022781 0.000055 0.00150 2.6596 1,2
BrCl 79Br35Cl 1Σ+ 444.28 1.84 0.152470 0.000770 0.07183 2.13607 1,2,3
BrF 79Br19F 1Σ+ 670.75 4.05 0.35584 0.00261 0.401 1.75894 1,2,3
BrO 79Br16O 2Π3/2 779 6.8 0.429598 0.003639 0.523 1.717 1,2,3
Br2 79Br2 1Σg+ 325.32 1.08 0.082107 0.0003187 0.02092 2.2811 1,2
CCl 12C35Cl 2Π1/2 876.90 5.45 0.697137 0.006853 1.9 1.64518 4
CD 12C2H 2Π1/2 2101.05 34.73 7.8079823 0.212240 420 1.11887 4
CF 12C19F 2Π1/2 1307.93 11.08 1.41626 0.01844 6.6 1.27218 4
CH 12C1H 2Π1/2 2860.75 64.44 14.45988 0.53654 1450 1.1199 4
CN 12C14N 2Σ+ 2068.65 13.10 1.8997830 0.0173717 6.4034 1.17181 24,25
CO 12C16O 1Σ+ 2169.81 13.29 1.931280985 0.01750439 6.1216 1.12832 24,26,27
CP 12C31P 2Σ+ 1239.79 6.83 0.79886775 0.00596933 1.33 1.56198 4
CS 12C32S 1Σ+ 1285.15 6.50 0.82004356 0.00591835 1.336 1.53482 1,4
CSe 12C80Se 1Σ+ 1035.36 4.86 0.5750 0.00379 0.71 1.67609 1,2,3
C2 12C2 1Σg+ 1855.01 13.56 1.82010 0.01801 6.96 1.24244 24
CaBr 40Ca79Br 2Σ+ 285.3 0.86 0.09446622 0.00040360 0.0413 2.59358 1,5
CaCl 40Ca35Cl 2Σ+ 367.53 1.31 0.1522302 0.0007990 0.1029 2.43676 1,2
CaD 40Ca2H 2Σ+ 910* 2.1769 0.035 47.9 2.002 1,2
CaF 40Ca19F 2Σ+ 581.1 2.74 0.339 0.0026 0.45 1.967 1,2
CaH 40Ca1H 2Σ+ 1298.34 19.10 4.2766 0.0970 183.7 2.0025 1,2
CaI 40Ca127I 2Σ+ 238.70 0.63 0.0693263 0.0002634 0.0234 2.82859 1,2
CaO 40Ca16O 1Σ+ 732.03 4.83 0.444441 0.003282 0.6541 1.8221 1,2
CaS 40Ca32S 1Σ+ 462.23 1.78 0.1766757 0.0008270 0.1032 2.31775 1,2
CdH 114Cd1H 2Σ+ 1337.1* 5.323 314 1.781 1,2
ClF 35Cl19F 1Σ+ 783.45 4.95 0.5164805 0.0043585 0.88 1.62831 4
ClO 35Cl16O 2Π3/2 853.64 5.52 0.62345797 0.0059357 1.33 1.56962 4
Cl2 35Cl2 1Σg+ 559.75 2.69 0.24415 0.00152 0.186 1.9872 4
CrD 52Cr2H 6Σ+ 1182* 3.14 88.8 1.664 1,2
CrH 52Cr1H 6Σ+ 1581* 6.220 0.179 347 1.656 1,2
CrO 52Cr16O 5Π 898.4 6.8 0.5231 0.0070 1.615 1,2
CsBr 133Cs79Br 1Σ+ 149.66 0.37 0.03606925 0.00012401 0.00838 3.07225 1,2,3
CsCl 133Cs35Cl 1Σ+ 214.17 0.73 0.07209149 0.00033756 0.03268 2.90627 1,2,3
CsD 133Cs2H 1Σ+ 619.1* 1.354 20 2.505 1,2
CsF 133Cs19F 1Σ+ 352.56 1.62 0.18436969 0.0011756 0.20168 2.34535 1,2,3
CsH 133Cs1H 1Σ+ 891.0 12.9 2.7099 0.0579 113 2.4938 1,2
CsI 133Cs127I 1Σ+ 119.18 0.25 0.02362736 0.00006826 0.00371 3.31519 1,2,3
CsO 133Cs16O 2Σ+ 357.5* 0.223073 0.001303 0.348 2.3007 1,2
Cs2 133Cs2 1Σg+ 42.02 0.08 0.0127 0.0000264 0.00464 4.47 1,2
CuBr 63Cu79Br 1Σ+ 314.8 0.96 0.10192625 0.00045214 0.04274 2.17344 1,2
CuCl 65Cu35Cl 1Σ+ 415.29 1.58 0.17628802 0.00099647 0.12706 2.05118 1,2
CuD 63Cu2H 1Σ+ 1384.14 18.97 4.0381 0.0917 136.2 1.4626 1,2
CuF 63Cu19F 1Σ+ 622.7 3.95 0.3794029 0.0032298 0.563 1.74493 1,2,3
CuH 63Cu1H 1Σ+ 1941.26 37.51 7.9441 0.2563 520 1.46263 1,2
CuI 63Cu127I 1Σ+ 264.5 0.60 0.07328742 0.00028390 0.02244 2.33832 1,2
CuO 63Cu16O 2Π3/2 640.17 4.43 0.44454 0.00456 0.85 1.7244 1,2
CuS 63Cu32S 2Π3/2 415.0 1.75 0.1891 0.18 2.051 1,2
Cu2 63Cu2 1Σg+ 264.55 1.02 0.10874 0.000614 0.0716 2.2197 1,2
DBr 2H81Br 1Σ+ 1884.75 22.72 4.245596 0.084 88.32 1.4145 1,2
DCl 2H35Cl 1Σ+ 2145.16 27.18 5.448796 0.113292 140 1.27458 1,2
DF 2H19F 1Σ+ 2998.19 45.76 11.0102 0.3017 594 0.91694 1,2
D2 2H2 1Σg+ 3115.50 61.82 30.444 1.0786 11410 0.74152 1,2
F2 19F2 1Σg+ 916.93 11.32 0.889294 0.0125952 3.3 1.41264 4
FeO 56Fe16O 5Δ 965* 0.650 0.72 1.444 1,2
GaBr 69Ga81Br 1Σ+ 263.0 0.81 0.081839 0.0003207 0.032 2.35248 1,2,3
GaCl 69Ga35Cl 1Σ+ 365.67 1.25 0.1499046 0.0007936 0.1008 2.20169 1,2,3
GaD 69Ga2H 1Σ+ 1143.23 14.43 3.1218854 0.0689978 93.021 1.66113 16
GaF 69Ga19F 1Σ+ 622.2 3.2 0.3595161 0.0028642 0.50 1.77437 1,2,3
GaH 69Ga1H 1Σ+ 1603.94 28.41 6.1434095 0.1906376 359.70 1.66208 16
GaI 69Ga127I 1Σ+ 216.38 0.47 0.0569359 0.0001897 0.015770 2.57464 1,2,3
GaO 69Ga16O 2Σ 767.5 6.24 0.4271 0.37 1.744 1,2
GeBr 74Ge79Br 2Π1/2 295 0.7 1,2
GeCl 74Ge35Cl 2Π1/2 407.6 1.36 1,2
GeD 72Ge2H 2Π1/2 1320.09 19 3.415 0.070 83.2 1.5874 1,2
GeH 72Ge1H 2Π1/2 1833.77 37 6.726 0.192 326 1.5880 1,2
GeO 74Ge16O 1Σ+ 986.49 4.47 0.4856981 0.0030787 0.4709 1.62464 1,2
GeS 74Ge32S 1Σ+ 575.8 1.80 0.18656576 0.00074910 0.07883 2.01209 1,2
GeSe 74Ge80Se 1Σ+ 408.7 1.36 0.09634051 0.00028904 0.02207 2.13463 1,2
GeTe 74Ge130Te 1Σ+ 323.9 0.75 0.06533821 0.00017246 0.012 2.34017 1,2
HBr 1H81Br 1Σ+ 2648.97 45.22 8.46488 0.23328 345.8 1.41444 1,2,3
HCl 1H35Cl 1Σ+ 2990.92 52.80 10.5933002 0.3069985 531.94 1.27456 4
HF 1H19F 1Σ+ 4138.39 89.94 20.953712 0.7933704 2150 0.91685 4
HI 1H127I 1Σ+ 2309.01 39.64 6.4263650 0.1689 206.9 1.60916 1,2,3
H2 1H2 1Σg+ 4401.21 121.34 60.853 3.062 47100 0.74144 1,2
HgD 202Hg2H 2Σ+ 896.12* 2.739 91 1.757 1,2
HgH 202Hg1H 2Σ+ 1203.24* 5.3888 395.3 1.7662 1,2
IBr 127I79Br 1Σ+ 268.64 0.81 0.0568325 0.0001969 0.0102 2.46899 1,2,3
ICl 127I35Cl 1Σ+ 384.29 1.50 0.1141587 0.0005354 0.0403 2.32088 1,2,3
IF 127I19F 1Σ+ 610.24 3.12 0.2797111 0.0018738 0.2356 1.90976 1,2,3
IO 127I16O 2Π3/2 681.5 4.3 0.34026 0.00270 0.36 1.8676 1,2
I2 127I2 1Σg+ 214.50 0.61 0.03737 0.000114 0.0043 2.666 1,2
InBr 115In81Br 1Σ+ 221.0 0.65 0.05489468 0.00018672 0.01350 2.54315 1,2,3
InCl 115In35Cl 1Σ+ 317.39 1.03 0.1090583 0.0005177 0.0515 2.40117 1,2,3
InD 115In2H 1Σ+ 1048.2 12.4 2.523 0.051 58 1.837 1,2
InF 115In19F 1Σ+ 535.4 2.6 0.2623241 0.0018798 0.252 1.98540 1,2,3
InH 115In1H 1Σ+ 1476.0 25.61 4.995 0.143 223 1.8380 1,2
InI 115In127I 1Σ+ 177.08 0.34 0.03686702 0.00010411 0.00639 2.75364 1,2,3
KBr 39K79Br 1Σ+ 213 0.80 0.08122109 0.00040481 0.04462 2.82078 1,2,3
KCl 39K35Cl 1Σ+ 281 1.30 0.1286348 0.0007899 0.1087 2.66665 1,2,3
KD 39K2H 1Σ+ 707 7.7 1.754 0.0318 50 2.240 1,2
KF 39K19F 1Σ+ 426.26 2.45 0.27993741 0.00233492 0.4829 2.17146 1,2,3
KH 39K1H 1Σ+ 983.6 14.3 3.416400 0.085313 163.55 2.243 1,2
KI 39K127I 1Σ+ 186.53 0.57 0.06087473 0.00026776 0.02593 3.04784 1,2,3
K2 39K2 1Σg+ 92.02 0.28 0.056743 0.000165 0.0863 3.9051 1
LaO 139La16O 2Σ+ 812.8 2.22 0.35252001 0.00142365 0.2626 1.82591 1,2
LiBr 7Li79Br 1Σ+ 563.2 3.5 0.555399 0.005644 2.159 2.17043 1,2,3
LiCl 7Li35Cl 1Σ+ 642.95 4.47 0.7065225 0.0080102 3.409 2.02067 1,5
LiCs 7Li133Cs 1Σ+ 184.70 1.00 0.188003 0.001248 0.7784 3.6681 21
LiD 7Li2H 1Σ+ 1054.94 13.06 4.23308131 0.09149428 272 1.59526 4,5
LiF 7Li19F 1Σ+ 910.57 8.21 1.34525715 0.02028749 11.75 1.56386 4,5
LiH 7Li1H 1Σ+ 1405.50 21.17 7.5137315 0.2163911 859 1.59490 4,5
LiI 7Li127I 1Σ+ 496.85 2.85 0.4431766 0.0040862 1.4104 2.39192 1,2,3
LiK 7Li39K 1Σ+ 207 0.265 3.27 1,20
LiO 7Li16O 2Π 814.62 7.78 1.212830 0.017899 0.1079 1.68822 3,14
Li2 7Li2 1Σg+ 351.41 2.58 0.672530 0.007046 9.79 2.6733 13
MgCl 24Mg35Cl 2Σ+ 462.12* 0.2456154 0.0016204 0.2723 2.19639 1,2
MgD 24Mg2H 2Σ+ 1077.30 15.52 3.034344 0.066607 96.25 1.72916 18
MgF 24Mg19F 2Σ+ 711.69* 0.51922 0.00470 1.080 1.7500 1,2
MgH 24Mg1H 2Σ+ 1492.78 29.85 5.825523 0.177298 354.56 1.72972 18
MgO 24Mg16O 1Σ+ 785.21 5.13 0.5748414 0.0053223 1.233 1.74817 28,4
MgS 24Mg32S 1Σ+ 528.74 2.70 0.26797 0.00176 0.276 2.1425 1
Mg2 24Mg2 1Σg+ 51.12 1.64 0.09287 0.00378 1.22 3.891 1
MnD 55Mn2H 7Σ 1103 13.9 2.8957 0.051 79.5 1.7310 1,2
MnH 55Mn1H 7Σ 1548.0 28.8 5.6841 0.1570 303.9 1.7311 1,2
NBr 14N79Br 3Σ- 691.75 4.72 0.444 0.0040 1.79 1,2
NCl 14N35Cl 3Σ- 827.96 5.30 0.64976739 0.00641432 1.596 1.61071 1,5
ND 14N2H 3Σ- 2399.13 42.11 8.9087 0.2546 491.7 1.03665 8
NF 14N19F 3Σ- 1141.37 8.99 1.205679 0.014889 5.4 1.31698 4
NH 14N1H 3Σ- 3282.72 79.04 16.66792 0.65038 1710 1.03719 4
NO 14N16O 2Π1/2 1904.20 14.07 1.67195 0.0171 0.5 1.15077 1,24
NS 14N32S 2Π1/2 1218.7 7.28 0.769602 0.0064 1.2 1.4940 1,2,3
N2 14N2 1Σg+ 2358.56 14.32 1.998236 0.017310 5.737 1.09769 24
NaBr 23Na79Br 1Σ+ 302 1.5 0.1512533 0.0009410 0.1554 2.50204 1,2,3
NaCl 23Na35Cl 1Σ+ 364.68 1.78 0.21806302 0.00162479 0.31202 2.36080 4,5
NaD 23Na2H 1Σ+ 826.1* 2.557089 0.051600 93.46 1.88654 1,2
NaF 23Na19F 1Σ+ 535.66 3.58 0.43690153 0.0045592 1.16296 1.92595 11
NaH 23Na1H 1Σ+ 1171.97 19.70 4.90327 0.1370 343.8 1.8870 4,5
NaI 23Na127I 1Σ+ 258 1.1 0.1178056 0.0006478 0.0973 2.71145 1,2,3
NaK 39K23Na 1Σ+ 124.03 0.50 0.09519989 0.00044966 0.2206 3.49958 6
NaLi 7Li23Na 1Σ+ 256.99 1.66 0.376833 0.003810 3.340 2.88851 4,30
NaO 23Na16O 2Π 492.3 0.424630 0.004506 1.2638 2.05155 1,2
Na2 23Na2 1Σg+ 159.09 0.71 0.15473537 0.0086375 0.58 3.07858 1,4,20
NbO 93Nb16O 4Σ- 989.0 3.8 0.4321 0.0021 0.22 1.691 1,2
Nb2 93Nb2 3Σg- 424.89 0.94 0.084054 0.000242 0.016 2.0778 15
NiD 58Ni2H 2Δ5/2 1390.1 19 3.992 0.092 130 1.465 1,2
NiH 58Ni1H 2Δ5/2 1926.6 38 7.700 0.23 481 1.476 1,2
OD 16O2H 2Π3/2 2720.24 44.05 10.021 0.276 537.4 0.9698 1,2
OF 19F16O 2Π3/2 1053.01 9.92 1.0587076 0.013295 4.2823 1.35411 9
OH 16O1H 2Π3/2 3737.76 84.88 18.911 0.7242 1938 0.96966 1,2,3
O2 16O2 3Σg- 1580.19 11.98 1.445622 0.015933 4.839 1.20752 24
PCl 31P35Cl 3Σ- 551.38 2.23 0.2528748 0.0015119 0.2124 2.01461 1,2
PD 31P2H 3Σ- 1699.2 23.0 4.4081 0.0928 116 1.4220 1,2
PF 31P19F 3Σ- 846.73 4.49 0.5667427 0.004639 1.0156 1.58933 12
PH 31P1H 3Σ- 2363.77 43.91 8.53904 0.2534 4.462 1.42218 8
PN 31P14N 1Σ+ 1336.95 6.90 0.7864844 0.0055337 1.091 1.49087 4
PO 31P16O 2Π1/2 1233.34 6.56 0.733223657 0.005466162 1.3 1.47637 1,4
P2 31P2 1Σg+ 780.77 2.84 0.30362 0.00149 0.188 1.8934 1
PbBr 208Pb79Br 2Π1/2 207.5 0.50 1,2
PbCl 208Pb35Cl 2Π1/2 303.9 0.88 1,2
PbF 208Pb19F 2Π1/2 502.73 2.28 0.22875 0.001473 0.183 2.0575 1,2
PbH 208Pb1H 2Π1/2 1564.1 29.75 4.971 0.144 201 1.839 1,2
PbO 208Pb16O 1Σ+ 720.96 3.52 0.30730373 0.00190977 0.2138 1.92181 1,2,3
PbS 208Pb32S 1Σ+ 429.17 1.26 0.11632307 0.00043510 0.03418 2.28678 1,2,3
PbSe 208Pb80Se 1Σ+ 277.6 0.51 0.05059953 0.00012993 0.0070 2.40218 1,2,3
PbTe 208Pb130Te 1Σ+ 212.0 0.43 0.03130774 0.00006743 0.0027 2.59492 1,2,3
Pb2 208Pb2 1Σ+ 110.5 0.35 1,2
PtC 195Pt12C 1Σ+ 1051.13 4.86 0.53044 0.003273 0.546 1.6767 1,2
PtD 195Pt2H 2Δ5/2 1644.3* 3.640 0.071 66 1.524 1,2
PtH 195Pt1H 2Δ5/2 2294.68* 7.1963 0.1996 261 1.52852 1,2
RbBr 85Rb79Br 1Σ+ 169.46 0.46 0.04752798 0.00018596 0.01496 2.94474 1,2,3
RbCl 85Rb35Cl 1Σ+ 228 0.92 0.0876404 0.0004537 0.04947 2.78673 1,2,3
RbF 85Rb19F 1Σ+ 376 1.9 0.2106640 0.0015228 0.2684 2.27033 1,2,3
RbH 85Rb1H 1Σ+ 936.9 14.21 3.020 0.072 123 2.367 1,2
RbI 85Rb127I 1Σ+ 138.51 0.33 0.03283293 0.00010946 0.00738 3.17688 1,2,3
RbO 85Rb16O 2Σ+ 388.4* 0.246481 0.002174 0.397 2.25420 1,2
SD 32S2H 2Π3/2 1885 31 4.95130 0.10308 130 1.34049 1,2
SF 32S19F 2Π3/2 837.64 4.47 0.555173 0.004459 0.975 1.59624 4,5
SH 32S1H 2Π3/2 2696.25 48.74 9.60025 0.27990 480 1.34061 4
SO 32S16O 3Σ- 1149.2 5.6 0.7208171 0.005737 1.134 1.48109 1,19,23
S2 32S2 3Σg- 725.71 2.86 0.29539516 0.00159754 0.19 1.88941 4
SbCl 121Sb35Cl 3Σ- 374.7 0.6 1,2
SbF 121Sb19F 3Σ- 605.0 2.6 0.2792 0.0020 0.23 1.918 1,2
SbN 121Sb14N 1Σ+ 942.0 5.6 1,2
SbO 121Sb16O 2Π1/2 816 4.2 0.3580 0.0022 0.270 1.826 1,2
ScF 45Sc19F 1Σ+ 735.6 3.8 0.3950 0.00266 1.788 1,2
SeD 80Se2H 2Π3/2 1708* 3.94 1.48 1,2
SeH 80Se1H 2Π3/2 2400* 8.02 0.23 330 1.48 1,2
SeO 80Se16O 3Σ- 914.69 4.52 0.4655 0.00323 0.5 1.648 1,2
Se2 80Se2 3Σg- 385.30 0.96 0.08992 0.000288 0.024 2.166 1,2
SiCl 28Si35Cl 2Π1/2 535.59 2.18 0.256103 0.001582 0.25 2.05794 4
SiD 28Si2H 2Π1/2 1469.32 18.23 3.8840 0.0781 105.4 1.5199 1,2
SiF 28Si19F 2Π1/2 857.33 4.83 0.58125735 0.00503859 1.065 1.60100 31
SiH 28Si1H 2Π1/2 2042.52 36.06 7.503898 0.21814 400 1.51966 4
SiN 28Si14N 2Σ+ 1151.28 6.46 0.730927 0.005685 1.2 1.57207 4
SiO 28Si16O 1Σ+ 1241.54 5.97 0.7267521 0.0050379 0.9923 1.50975 1,19,22
SiS 28Si32S 1Σ+ 749.64 2.58 0.30352788 0.00147308 0.201 1.92926 1,19
SiSe 28Si80Se 1Σ+ 580.0 1.78 0.1920117 0.0007767 0.0842 2.05832 1,2,3
Si2 28Si2 3Σg- 510.98 2.02 0.2390 0.0014 0.21 2.246 1
SnBr 120Sn79Br 2Π1/2 247.2 0.6 1,2
SnCl 120Sn35Cl 2Π1/2 351.1 1.06 0.1117 0.0004 2.361 1,2
SnD 120Sn2H 2Π1/2 1188.0* 2.6950 0.049 53.4 1.7770 1,2
SnF 118Sn19F 2Π1/2 577.6 2.69 0.2727 0.0014 0.26 1.944 1,2
SnI 120Sn127I 2Π1/2 199.0 0.6 1,2
SnO 120Sn16O 1Σ+ 822.13 3.72 0.35571998 0.00214432 0.26638 1.83251 1,2,3
SnS 120Sn32S 1Σ+ 487.26 1.36 0.13686139 0.00050563 0.0424 2.20898 1,2,3
SnSe 120Sn80Se 1Σ+ 331.2 0.74 0.0649978 0.0001705 0.011 2.32557 1,2,3
SnTe 120Sn130Te 1Σ+ 259.5 0.50 0.04247917 0.00009543 0.0055 2.52280 1,2,3
SrBr 88Sr79Br 2Σ+ 216.60 0.52 0.0541847 0.0001827 0.01356 2.73522 1,2
SrCl 88Sr35Cl 2Σ+ 302.3 0.95 1,2
SrD 88Sr2H 2Σ+ 841 8.6 1.8609 0.0292 34.7 2.1449 1,2
SrF 88Sr19F 2Σ+ 502.4 2.3 0.2505346 0.0015513 0.2498 2.07537 1,2
SrH 88Sr1H 2Σ+ 1206.2 17.0 3.6751 0.0814 135 2.1456 1,2
SrI 88Sr127I 2Σ+ 173.77 0.35 0.0367097 0.0001060 0.00655 2.94364 1,2
SrO 88Sr16O 1Σ+ 653.5 3.96 0.33798 0.00219 0.36 1.91983 1,2
T2 3H2 1Σg+ 2546.5 41.23 20.335 0.5887 0.74142 1,2
TaO 181Ta16O 2Δ3/2 1028.69 3.51 0.40284 0.00182 0.2450 1.68746 1,2
TeO 130Te16O O+ 797.11 4.00 0.3554 0.00237 0.27 1.825 1,2
Te2 130Te2 3Σg- 247.07 0.51 0.039681 0.000106 0.0044 2.5574 1,2
ThO 232Th16O 1Σ+ 895.77 2.39 0.332644 0.001302 0.1833 1.84032 1,2
TiO 48Ti16O 3Δ1 1009.02 4.50 0.53541 0.00301 0.603 1.6202 1,2
TlBr 205Tl81Br 1Σ+ 192.10 0.39 0.0423899 0.0001276 0.0083 2.61817 1,2,3
TlCl 205Tl35Cl 1Σ+ 284.71 0.86 0.09139702 0.00039784 0.0377 2.48483 1,2,3
TlD 205Tl2H 1Σ+ 987.7 12.04 2.419 0.057 60 1.869 1,2
TlF 205Tl19F 1Σ+ 476.86 2.24 0.22315014 0.00150380 0.1955 2.08439 1,2,3
TlH 205Tl1H 1Σ+ 1390.7 22.7 4.806 0.154 254 1.870 1,2
TlI 205Tl127I 1Σ+ 150* 0.0271676 0.0000664 0.0036 2.81361 1,2,3
VO 51V16O 4Σ- 1011.3 4.86 0.54825 0.00352 0.6 1.5893 1,2
XeF (132)Xe19F 2Σ 225.4 10.9 0.19326 0.00699 0.536 2.293 10
YCl 89Y35Cl 1Σ 380.7 1.3 0.1160 0.0003 0.09 2.41 1,2
YF 89Y19F 1Σ+ 631.29 2.50 0.29042 0.00163 0.237 1.9257 1,2
YO 89Y16O 2Σ+ 861.0 2.9 0.3881 0.0018 0.32 1.790 1,2
YbD 174Yb2H 2Σ+ 886.6 10.57 2.01162 0.03425 41.60 2.0516 1,2
YbH 174Yb1H 2Σ+ 1249.54 21.06 3.9931 0.0957 161.8 2.0526 1,2
ZnCl 64Zn35Cl 2Σ 390.5 1.6 1,2
ZnD 64Zn2H 2Σ+ 1072 28 3.350 124 1.6054 1,2
ZnF 64Zn19F 2Σ 628 3.5 1,2
ZnH 64Zn1H 2Σ+ 1607.6 55.14 6.6794 0.2500 466 1.5949 1,2
ZnI 64Zn127I 2Σ 223.4 0.6 1,2
ZrO 90Zr16O 1Σ+ 969.8 4.9 0.42263 0.0023 0.319 1.7116 1,2